0.000002 0.000007
0.000002 0.000011
0.000003 0.000016
0.000005 0.000022
0.000007 0.000044
0.000009 0.000035
0.000013 0.000041
0.000049 0.000045
0.000018 0.000052
0.000023 0.000058
0.000025 0.000064
0.000034 0.000070
0.000036 0.000076
0.000047 0.000083
0.000048 0.000089
0.000049 0.000094
0.000059 0.000101
0.000064 0.000107
0.000072 0.000114
0.000088 0.000120
0.000090 0.000126
0.000094 0.000134
0.000103 0.000138
0.000106 0.000145
0.000145 0.000188
0.000147 0.000151
0.000142 0.000160
0.000142 0.000183
0.000161 0.000172
0.000173 0.000180
0.000177 0.000183
0.000173 0.000191
0.000206 0.000198
0.000234 0.000195
0.000208 0.000200
0.000233 0.000207
0.000245 0.000211
0.000253 0.000229
0.000267 0.000217
0.000274 0.000221
0.000272 0.000228
0.000321 0.000235
0.000292 0.000264
0.000354 0.000248
0.000331 0.000259
0.000355 0.000248
0.000360 0.000255
0.000372 0.000260
0.000400 0.000263
0.000419 0.000275
0.000400 0.000272
0.000438 0.000272
0.000436 0.000279
0.000457 0.000284
0.000482 0.000290
0.000507 0.000289
0.000501 0.000291
0.000492 0.000298
0.000512 0.000304
0.000553 0.000307
0.000546 0.000318
0.000579 0.000317
0.000596 0.000322
0.000591 0.000327
0.000619 0.000335
0.000631 0.000329
0.000637 0.000340
0.000652 0.000339
0.000697 0.000346
0.000725 0.000351
0.000706 0.000355
0.000761 0.000360
0.000759 0.000370
0.000787 0.000368
0.000816 0.000375
0.000826 0.000378
0.000882 0.000397
0.000852 0.000411
0.000818 0.000374
0.000882 0.000377
